NAT Pattern Analysis Results
===========================

Timestamp: 1757781647
Measurements: 30
Target: 74.125.250.129:19302

Port Sequence:
20943,19877,18574,19000,19054,20004,18404,21033,19686,20916,21300,20949,19792,18007,21090,21067,
21230,21261,20658,17897,18382,19199,21048,18917,18016,18709,20518,21051,18580,20919

Raw Data (port timestamp_us sequence_number):
20943 1757781647811245 0
19877 1757781647811884 1
18574 1757781647811904 2
19000 1757781647813205 3
19054 1757781647813217 4
20004 1757781647813220 5
18404 1757781647813223 6
21033 1757781647813226 7
19686 1757781647813228 8
20916 1757781647813231 9
21300 1757781647813233 10
20949 1757781647814243 11
19792 1757781647814258 12
18007 1757781647814262 13
21090 1757781647814268 14
21067 1757781647814272 15
21230 1757781647819241 16
21261 1757781647819273 17
20658 1757781647819280 18
17897 1757781647819285 19
18382 1757781647819289 20
19199 1757781647819291 21
21048 1757781647819293 22
18917 1757781647819295 23
18016 1757781647819296 24
18709 1757781647819298 25
20518 1757781647819299 26
21051 1757781647819301 27
18580 1757781647820991 28
20919 1757781647820993 29
