NAT Pattern Analysis Results
===========================

Timestamp: 1757780879
Measurements: 50
Target: 74.125.250.129:19302

Port Sequence:
21318,21318,21318,21318,21318,21318,21318,21318,21318,21318,21318,21318,21318,21318,21318,21318,
21318,21318,21318,21318,21318,21318,21318,21318,21318,21318,21318,21318,21318,21318,21318,21318,
21318,21318,21318,21318,21318,21318,21318,21318,21318,21318,21318,21318,21318,21318,21318,21318,
21318,21318

Raw Data (port timestamp_us sequence_number):
21318 1757780879965220 0
21318 1757780879965250 1
21318 1757780879965254 2
21318 1757780879965257 3
21318 1757780879965263 4
21318 1757780879965267 5
21318 1757780879965270 6
21318 1757780879965272 7
21318 1757780879965275 8
21318 1757780879965279 9
21318 1757780879965284 10
21318 1757780879965288 11
21318 1757780879965294 12
21318 1757780879965298 13
21318 1757780879965302 14
21318 1757780879965309 15
21318 1757780879965312 16
21318 1757780879965321 17
21318 1757780879965324 18
21318 1757780879965328 19
21318 1757780879965335 20
21318 1757780879965337 21
21318 1757780879965339 22
21318 1757780879965534 23
21318 1757780879965538 24
21318 1757780879965539 25
21318 1757780879965541 26
21318 1757780879965542 27
21318 1757780879965544 28
21318 1757780879965545 29
21318 1757780879965559 30
21318 1757780879965561 31
21318 1757780879965562 32
21318 1757780879965564 33
21318 1757780879965566 34
21318 1757780879965567 35
21318 1757780879965568 36
21318 1757780879965569 37
21318 1757780879965571 38
21318 1757780879965573 39
21318 1757780879965579 40
21318 1757780879965580 41
21318 1757780879965582 42
21318 1757780879965583 43
21318 1757780879965584 44
21318 1757780879965586 45
21318 1757780879965587 46
21318 1757780879965588 47
21318 1757780879965590 48
21318 1757780879965591 49
