NAT Pattern Analysis Results
===========================

Timestamp: 1757780968
Measurements: 20
Target: 74.125.250.129:19302

Port Sequence:
18699,19165,18760,19416,19125,21228,18427,20785,17522,20535,18834,19639,19990,18885,18780,19921,
18326,19453,18672,19671

Raw Data (port timestamp_us sequence_number):
18699 1757780968542906 0
19165 1757780968542927 1
18760 1757780968550750 2
19416 1757780968550778 3
19125 1757780968550782 4
21228 1757780968550852 5
18427 1757780968550857 6
20785 1757780968553443 7
17522 1757780968553582 8
20535 1757780968553590 9
18834 1757780968553593 10
19639 1757780968553595 11
19990 1757780968553597 12
18885 1757780968553599 13
18780 1757780968553602 14
19921 1757780968553604 15
18326 1757780968553606 16
19453 1757780968553608 17
18672 1757780968553610 18
19671 1757780968553618 19
