NAT Pattern Analysis Results
===========================

Timestamp: 1757783689
Measurements: 30
Target: 74.125.250.129:19302

Port Sequence:
17802,19650,20937,20428,20335,21311,19836,18191,20492,19032,18548,21137,20752,20821,19000,17703,
19710,19793,19292,19941,20652,19693,18214,19989,21238,19991,20984,20725,19860,19257

Raw Data (port timestamp_us sequence_number):
17802 1757783689155259 0
19650 1757783689155681 1
20937 1757783689155693 2
20428 1757783689155697 3
20335 1757783689155700 4
21311 1757783689155703 5
19836 1757783689155706 6
18191 1757783689155708 7
20492 1757783689155711 8
19032 1757783689155714 9
18548 1757783689155716 10
21137 1757783689155719 11
20752 1757783689155722 12
20821 1757783689155725 13
19000 1757783689155728 14
17703 1757783689155730 15
19710 1757783689155732 16
19793 1757783689155735 17
19292 1757783689155738 18
19941 1757783689155740 19
20652 1757783689155743 20
19693 1757783689155744 21
18214 1757783689155745 22
19989 1757783689155746 23
21238 1757783689155890 24
19991 1757783689155892 25
20984 1757783689155893 26
20725 1757783689155895 27
19860 1757783689155896 28
19257 1757783689155896 29
