NAT Pattern Analysis Results
===========================

Timestamp: 1757783657
Measurements: 25
Target: 74.125.250.129:19302

Port Sequence:
19454,19541,18832,19032,19741,20260,18191,20137,19605,20982,18548,21137,20752,20821,19000,17703,
19710,19793,19292,19941,20652,19693,18214,19989,21238

Raw Data (port timestamp_us sequence_number):
19454 1757783657722934 0
19541 1757783657723145 1
18832 1757783657723151 2
19032 1757783657723169 3
19741 1757783657723174 4
20260 1757783657723238 5
18191 1757783657723243 6
20137 1757783657723248 7
19605 1757783657723252 8
20982 1757783657723412 9
18548 1757783657723416 10
21137 1757783657723420 11
20752 1757783657723425 12
20821 1757783657723430 13
19000 1757783657723723 14
17703 1757783657723734 15
19710 1757783657723740 16
19793 1757783657723745 17
19292 1757783657723748 18
19941 1757783657723754 19
20652 1757783657723758 20
19693 1757783657723759 21
18214 1757783657723762 22
19989 1757783657723764 23
21238 1757783657724382 24
