NAT Pattern Analysis Results
===========================

Timestamp: 1757781763
Measurements: 30
Target: 74.125.250.129:19302

Port Sequence:
20064,18439,18319,19161,20813,21082,19390,19606,20235,21059,21300,20949,19792,18007,21090,21067,
21230,21261,20658,17897,18382,19199,21048,18917,18016,18709,20518,21051,18580,20919

Raw Data (port timestamp_us sequence_number):
20064 1757781763287461 0
18439 1757781763287698 1
18319 1757781763287994 2
19161 1757781763288007 3
20813 1757781763288856 4
21082 1757781763294089 5
19390 1757781763294105 6
19606 1757781763294115 7
20235 1757781763294118 8
21059 1757781763294120 9
21300 1757781763294122 10
20949 1757781763294125 11
19792 1757781763294134 12
18007 1757781763294137 13
21090 1757781763294138 14
21067 1757781763294140 15
21230 1757781763295609 16
21261 1757781763295621 17
20658 1757781763295625 18
17897 1757781763295629 19
18382 1757781763295632 20
19199 1757781763295633 21
21048 1757781763295634 22
18917 1757781763295636 23
18016 1757781763295637 24
18709 1757781763295638 25
20518 1757781763295639 26
21051 1757781763295640 27
18580 1757781763296564 28
20919 1757781763296570 29
