NAT Pattern Analysis Results
===========================

Timestamp: 1757783480
Measurements: 50
Target: 74.125.250.129:19302

Port Sequence:
20918,21375,17511,21239,20906,20142,17512,20159,18900,17922,18548,21137,20752,20821,19000,17703,
19710,19793,19292,19941,20652,19693,18214,19989,21238,19991,20984,20725,19860,19257,19702,17797,
19054,19489,19812,18813,20770,20125,18046,21279,18666,20109,20470,19509,20624,18997,20478,20413,
20136,20439

Raw Data (port timestamp_us sequence_number):
20918 1757783480563764 0
21375 1757783480563797 1
17511 1757783480563801 2
21239 1757783480563804 3
20906 1757783480563808 4
20142 1757783480563811 5
17512 1757783480563987 6
20159 1757783480563994 7
18900 1757783480564010 8
17922 1757783480564014 9
18548 1757783480564017 10
21137 1757783480564020 11
20752 1757783480564024 12
20821 1757783480564027 13
19000 1757783480564031 14
17703 1757783480564038 15
19710 1757783480564041 16
19793 1757783480564044 17
19292 1757783480564048 18
19941 1757783480564051 19
20652 1757783480564054 20
19693 1757783480564055 21
18214 1757783480564057 22
19989 1757783480564058 23
21238 1757783480564060 24
19991 1757783480564062 25
20984 1757783480564063 26
20725 1757783480564065 27
19860 1757783480564067 28
19257 1757783480564068 29
19702 1757783480564073 30
17797 1757783480564075 31
19054 1757783480564076 32
19489 1757783480564078 33
19812 1757783480564080 34
18813 1757783480564081 35
20770 1757783480564083 36
20125 1757783480564084 37
18046 1757783480564085 38
21279 1757783480564086 39
18666 1757783480564091 40
20109 1757783480564093 41
20470 1757783480564094 42
19509 1757783480564095 43
20624 1757783480564097 44
18997 1757783480564098 45
20478 1757783480564100 46
20413 1757783480564101 47
20136 1757783480564103 48
20439 1757783480564104 49
