NAT Pattern Analysis Results
===========================

Timestamp: 1757783461
Measurements: 30
Target: 74.125.250.129:19302

Port Sequence:
17854,20797,17761,18479,18709,17801,21102,19794,19680,18351,18548,21137,20752,20821,19000,17703,
19710,19793,19292,19941,20652,19693,18214,19989,21238,19991,20984,20725,19860,19257

Raw Data (port timestamp_us sequence_number):
17854 1757783461825555 0
20797 1757783461825618 1
17761 1757783461825628 2
18479 1757783461825636 3
18709 1757783461825644 4
17801 1757783461825652 5
21102 1757783461825660 6
19794 1757783461825668 7
19680 1757783461825686 8
18351 1757783461825700 9
18548 1757783461825707 10
21137 1757783461825718 11
20752 1757783461825728 12
20821 1757783461825741 13
19000 1757783461825751 14
17703 1757783461825763 15
19710 1757783461825774 16
19793 1757783461825786 17
19292 1757783461825795 18
19941 1757783461825807 19
20652 1757783461825828 20
19693 1757783461825831 21
18214 1757783461825834 22
19989 1757783461825837 23
21238 1757783461825840 24
19991 1757783461825843 25
20984 1757783461825846 26
20725 1757783461825849 27
19860 1757783461825852 28
19257 1757783461825855 29
