NAT Pattern Analysis Results
===========================

Timestamp: 1757781780
Measurements: 25
Target: 74.125.250.129:19302

Port Sequence:
18142,18839,19033,18482,18346,18830,18384,18731,17931,18318,21300,20949,19792,18007,21090,21067,
21230,21261,20658,17897,18382,19199,21048,18917,18016

Raw Data (port timestamp_us sequence_number):
18142 1757781780697049 0
18839 1757781780697076 1
19033 1757781780697275 2
18482 1757781780697278 3
18346 1757781780697280 4
18830 1757781780697282 5
18384 1757781780697284 6
18731 1757781780697287 7
17931 1757781780697289 8
18318 1757781780697290 9
21300 1757781780697292 10
20949 1757781780697295 11
19792 1757781780697296 12
18007 1757781780697298 13
21090 1757781780697300 14
21067 1757781780697302 15
21230 1757781780697304 16
21261 1757781780697306 17
20658 1757781780697308 18
17897 1757781780697310 19
18382 1757781780697313 20
19199 1757781780697318 21
21048 1757781780697319 22
18917 1757781780697320 23
18016 1757781780697321 24
