NAT Pattern Analysis Results
===========================

Timestamp: 1757780997
Measurements: 100
Target: 74.125.250.129:19302

Port Sequence:
18442,18469,17817,19165,17845,18676,20697,20766,17579,20532,19992,18245,21010,21023,20822,18759,
19234,19317,17516,20551,18142,21261,21050,20267,20048,18621,20136,18015,17740,20187,17580,21193,
18704,21049,19010,21307,20010,17669,18794,20271,20128,20815,18058,21185,21270,17865,20018,20323,
20062,17825,20082,18255,19390,18939,19358,17643,18450,17539,17940,19889,17730,19455,18284,21053,
18526,21313,17598,17695,17530,19987,19388,20941,19122,20545,18868,19637,19790,17519,20540,19157,
18060,17851,20642,17999,19272,18493,18490,17991,19964,20277,18544,20173,17904,20139,20142,17735,
18772,20025,18390,19683

Raw Data (port timestamp_us sequence_number):
18442 1757780997421299 0
18469 1757780997421321 1
17817 1757780997421324 2
19165 1757780997421326 3
17845 1757780997421328 4
18676 1757780997421758 5
20697 1757780997421775 6
20766 1757780997421784 7
17579 1757780997421791 8
20532 1757780997421797 9
19992 1757780997421803 10
18245 1757780997421809 11
21010 1757780997421813 12
21023 1757780997421818 13
20822 1757780997421823 14
18759 1757780997421828 15
19234 1757780997421833 16
19317 1757780997421852 17
17516 1757780997421857 18
20551 1757780997421862 19
18142 1757780997421868 20
21261 1757780997421870 21
21050 1757780997421871 22
20267 1757780997422064 23
20048 1757780997422066 24
18621 1757780997422068 25
20136 1757780997422070 26
18015 1757780997422071 27
17740 1757780997422072 28
20187 1757780997422074 29
17580 1757780997422084 30
21193 1757780997422087 31
18704 1757780997422090 32
21049 1757780997422092 33
19010 1757780997422093 34
21307 1757780997422095 35
20010 1757780997422097 36
17669 1757780997422098 37
18794 1757780997422100 38
20271 1757780997422102 39
20128 1757780997422107 40
20815 1757780997422110 41
18058 1757780997422111 42
21185 1757780997422113 43
21270 1757780997422115 44
17865 1757780997422117 45
20018 1757780997422119 46
20323 1757780997422121 47
20062 1757780997422122 48
17825 1757780997422123 49
20082 1757780997422128 50
18255 1757780997422130 51
19390 1757780997422132 52
18939 1757780997422135 53
19358 1757780997422138 54
17643 1757780997422139 55
18450 1757780997422141 56
17539 1757780997422143 57
17940 1757780997422144 58
19889 1757780997422145 59
17730 1757780997422152 60
19455 1757780997422160 61
18284 1757780997422162 62
21053 1757780997422166 63
18526 1757780997422170 64
21313 1757780997422411 65
17598 1757780997422413 66
17695 1757780997422416 67
17530 1757780997422487 68
19987 1757780997422491 69
19388 1757780997422505 70
20941 1757780997422509 71
19122 1757780997422512 72
20545 1757780997422514 73
18868 1757780997422560 74
19637 1757780997422563 75
19790 1757780997422566 76
17519 1757780997422569 77
20540 1757780997422571 78
19157 1757780997422574 79
18060 1757780997422588 80
17851 1757780997422590 81
20642 1757780997422593 82
17999 1757780997422595 83
19272 1757780997422598 84
18493 1757780997422600 85
18490 1757780997422603 86
17991 1757780997422606 87
19964 1757780997422609 88
20277 1757780997422611 89
18544 1757780997422623 90
20173 1757780997422628 91
17904 1757780997422630 92
20139 1757780997422633 93
20142 1757780997422636 94
17735 1757780997422639 95
18772 1757780997422642 96
20025 1757780997422645 97
18390 1757780997422648 98
19683 1757780997422651 99
