NAT Pattern Analysis Results
===========================

Timestamp: 1757783490
Measurements: 100
Target: 74.125.250.129:19302

Port Sequence:
19491,20884,21245,18901,20743,18321,18648,19164,19525,20651,18548,21137,20752,20821,19000,17703,
19710,19793,19292,19941,20652,19693,18214,19989,21238,19991,20984,20725,19860,19257,19702,17797,
19054,19489,19812,18813,20770,20125,18046,21279,18666,20109,20470,19509,20624,18997,20478,20413,
20136,20439,17622,18969,19220,17863,17506,18525,20350,19081,18026,20141,18708,21011,20460,20011,
19944,17527,19714,21127,18382,21085,18804,18449,18578,19459,19752,20789,19940,19701,18254,17987,
17798,18307,17600,20407,18822,17859,18904,18909,17520,18883,18006,20431,20842,19685,17794,19423,
18840,17695,19828,17809

Raw Data (port timestamp_us sequence_number):
19491 1757783490804433 0
20884 1757783490804539 1
21245 1757783490804552 2
18901 1757783490804562 3
20743 1757783490804571 4
18321 1757783490804580 5
18648 1757783490804588 6
19164 1757783490804599 7
19525 1757783490804607 8
20651 1757783490804616 9
18548 1757783490804625 10
21137 1757783490804634 11
20752 1757783490804642 12
20821 1757783490804657 13
19000 1757783490804668 14
17703 1757783490804676 15
19710 1757783490804687 16
19793 1757783490804708 17
19292 1757783490804719 18
19941 1757783490804732 19
20652 1757783490804744 20
19693 1757783490804747 21
18214 1757783490804751 22
19989 1757783490804754 23
21238 1757783490804846 24
19991 1757783490804897 25
20984 1757783490804902 26
20725 1757783490804905 27
19860 1757783490804908 28
19257 1757783490804912 29
19702 1757783490804934 30
17797 1757783490804938 31
19054 1757783490804941 32
19489 1757783490804944 33
19812 1757783490805389 34
18813 1757783490805398 35
20770 1757783490805402 36
20125 1757783490805405 37
18046 1757783490805408 38
21279 1757783490805412 39
18666 1757783490805442 40
20109 1757783490805462 41
20470 1757783490805466 42
19509 1757783490805469 43
20624 1757783490805473 44
18997 1757783490805476 45
20478 1757783490805479 46
20413 1757783490805482 47
20136 1757783490805485 48
20439 1757783490805488 49
17622 1757783490805500 50
18969 1757783490805503 51
19220 1757783490805506 52
17863 1757783490805509 53
17506 1757783490805512 54
18525 1757783490805515 55
20350 1757783490805520 56
19081 1757783490805523 57
18026 1757783490805526 58
20141 1757783490805530 59
18708 1757783490805547 60
21011 1757783490805551 61
20460 1757783490805554 62
20011 1757783490805557 63
19944 1757783490805560 64
17527 1757783490805564 65
19714 1757783490805568 66
21127 1757783490805571 67
18382 1757783490805575 68
21085 1757783490805578 69
18804 1757783490805591 70
18449 1757783490805595 71
18578 1757783490805597 72
19459 1757783490805600 73
19752 1757783490805604 74
20789 1757783490805607 75
19940 1757783490805803 76
19701 1757783490805811 77
18254 1757783490805815 78
17987 1757783490805818 79
17798 1757783490805851 80
18307 1757783490805854 81
17600 1757783490805858 82
20407 1757783490805861 83
18822 1757783490805865 84
17859 1757783490805868 85
18904 1757783490805872 86
18909 1757783490805875 87
17520 1757783490805878 88
18883 1757783490805882 89
18006 1757783490805894 90
20431 1757783490805897 91
20842 1757783490805901 92
19685 1757783490805905 93
17794 1757783490805909 94
19423 1757783490805912 95
18840 1757783490805916 96
17695 1757783490805919 97
19828 1757783490805923 98
17809 1757783490805927 99
