NAT Pattern Analysis Results
===========================

Timestamp: 1757783440
Measurements: 30
Target: 74.125.250.129:19302

Port Sequence:
17528,17801,18448,19683,21200,18903,18862,18254,18671,20549,18548,21137,20752,20821,19000,17703,
19710,19793,19292,19941,20652,19693,18214,19989,21238,19991,20984,20725,19860,19257

Raw Data (port timestamp_us sequence_number):
17528 1757783440525338 0
17801 1757783440525593 1
18448 1757783440525623 2
19683 1757783440525665 3
21200 1757783440525682 4
18903 1757783440525693 5
18862 1757783440525710 6
18254 1757783440525726 7
18671 1757783440525736 8
20549 1757783440525744 9
18548 1757783440525754 10
21137 1757783440525767 11
20752 1757783440525789 12
20821 1757783440525803 13
19000 1757783440525815 14
17703 1757783440525824 15
19710 1757783440525837 16
19793 1757783440525849 17
19292 1757783440525867 18
19941 1757783440525881 19
20652 1757783440525893 20
19693 1757783440525896 21
18214 1757783440525899 22
19989 1757783440525901 23
21238 1757783440525905 24
19991 1757783440525909 25
20984 1757783440525912 26
20725 1757783440525916 27
19860 1757783440525919 28
19257 1757783440525922 29
