NAT Pattern Analysis Results
===========================

Timestamp: 1757781664
Measurements: 47
Target: 74.125.250.129:19302

Port Sequence:
18351,19693,20292,19362,18826,18703,19169,21300,20949,19792,18007,21090,21067,21230,21261,20658,
17897,18382,19199,21048,18917,18016,18709,20518,21051,18580,20919,20666,20221,18850,17509,19620,
18023,18668,21011,17520,18923,20724,18901,17510,19965,17606,18713,20594,19011,20588,18385

Raw Data (port timestamp_us sequence_number):
18351 1757781664875512 0
19693 1757781664875556 1
20292 1757781664875569 2
19362 1757781664875576 3
18826 1757781664875584 4
18703 1757781664875593 5
19169 1757781664875598 6
21300 1757781664875608 7
20949 1757781664875613 8
19792 1757781664875621 9
18007 1757781664875633 10
21090 1757781664875641 11
21067 1757781664875648 12
21230 1757781664875658 13
21261 1757781664875664 14
20658 1757781664875673 15
17897 1757781664875681 16
18382 1757781664875687 17
19199 1757781664875692 18
21048 1757781664875702 19
18917 1757781664875710 20
18016 1757781664875713 21
18709 1757781664875716 22
20518 1757781664875719 23
21051 1757781664875721 24
18580 1757781664875725 25
20919 1757781664875727 26
20666 1757781664875729 27
20221 1757781664875732 28
18850 1757781664875735 29
17509 1757781664875744 30
19620 1757781664875746 31
18023 1757781664875749 32
18668 1757781664875751 33
21011 1757781664875753 34
17520 1757781664875756 35
18923 1757781664875758 36
20724 1757781664875761 37
18901 1757781664875764 38
17510 1757781664875766 39
19965 1757781664875775 40
17606 1757781664875778 41
18713 1757781664875780 42
20594 1757781664875783 43
19011 1757781664875786 44
20588 1757781664875788 45
18385 1757781664875796 46
